3826577.109500 461022.900196 5064892.758000
3826575.090500 461022.657196 5064894.296000
3826575.771500 461025.005196 5064893.572000
3826577.909500 461025.263196 5064891.944000
3826579.128500 461023.143196 5064891.220000
3826578.447500 461020.795196 5064891.944000
3826576.309500 461020.537196 5064893.572000
3826574.036500 461018.775195 5064895.437000
3826572.516500 461022.347195 5064896.256000
3826573.144500 461026.177195 5064895.438000
3826575.628500 461028.475196 5064893.365000
3826578.805500 461028.164196 5064891.009000
3826581.188500 461025.390196 5064889.471000
3826581.662500 461021.450196 5064889.471000
3826580.006500 461018.190196 5064891.009000
3826576.995500 461017.133196 5064893.365000
3826576.272500 461013.726196 5064894.215000
3826573.376500 461014.469195 5064896.322000
3826570.181500 461017.749195 5064898.424000
3826569.112500 461024.945195 5064898.576000
3826569.852500 461027.976195 5064897.746000
3826572.070500 461031.095195 5064895.800000
3826575.368500 461031.959196 5064893.246000
3826579.971500 461030.917196 5064889.885000
3826583.385500 461028.524196 5064887.539000
3826584.999500 461024.537196 5064886.688000
3826584.442500 461020.707196 5064887.452000
3826582.564500 461016.605196 5064889.232000
3826579.539500 461014.081196 5064891.731000
3826574.724500 461009.083195 5064895.797000
3826571.744500 461010.132195 5064897.939000
3826569.960500 461012.435195 5064899.070000
3826567.013500 461019.699195 5064900.626000
3826565.109500 461021.640195 5064901.880000
3826567.204500 461028.490195 5064899.688000
3826569.542500 461032.470195 5064897.573000
3826571.812500 461036.793195 5064895.478000
3826574.471500 461036.116195 5064893.544000
3826578.276500 461035.734196 5064890.722000
3826583.531500 461032.936196 5064887.030000
3826585.419500 461031.329196 5064885.758000
3826587.195500 461026.381196 5064884.873000
3826589.188500 461022.935197 5064883.688000
3826586.727500 461014.817196 5064886.269000
3826584.542500 461012.072196 5064888.157000
3826581.014500 461009.055196 5064891.078000
3826603.455510 460977.274198 5064877.107000
3826612.589500 461053.051198 5064863.401000
3826516.791510 460930.018191 5064946.429000
3826514.771510 460929.774191 5064947.967000
3826515.452500 460932.123191 5064947.243000
3826517.591510 460932.380191 5064945.615000
3826518.810510 460930.261191 5064944.891000
3826518.129510 460927.913191 5064945.615000
3826515.991510 460927.655191 5064947.243000
3826521.344510 460928.568192 5064943.142000
3826519.688510 460925.308191 5064944.680000
3826516.676510 460924.251191 5064947.036000
3826513.718510 460925.893191 5064949.109000
3826512.197510 460929.464191 5064949.927000
3826512.826500 460933.295191 5064949.109000
3826515.310500 460935.593191 5064947.037000
3826518.487500 460935.281191 5064944.680000
3826520.870510 460932.508192 5064943.142000
3826523.638510 460933.271192 5064940.995000
3826524.704510 460929.807192 5064940.509000
3826524.166510 460924.869192 5064941.358000
3826519.739510 460920.454191 5064945.080000
3826517.224510 460919.880191 5064947.020000
3826513.839510 460920.862191 5064949.472000
3826511.434510 460924.032191 5064950.991000
3826509.643500 460929.476191 5064951.844000
3826509.441500 460934.248191 5064951.563000
3826511.336500 460937.797191 5064949.821000
3826514.308500 460938.931191 5064947.487000
3826518.191500 460938.761191 5064944.588000
3826521.604500 460936.638192 5064942.218000
3826527.718510 460933.703192 5064937.894000
3826528.618510 460930.008192 5064937.552000
3826527.989510 460927.039192 5064938.293000
3826524.541510 460920.564192 5064941.466000
3826524.230510 460917.628192 5064941.965000
3826518.314510 460916.787191 5064946.482000
3826514.264510 460917.509191 5064949.456000
3826510.012510 460918.002191 5064952.604000
3826509.029510 460921.180191 5064953.054000
3826507.214510 460925.463191 5064954.029000
3826506.289500 460932.406191 5064954.096000
3826506.376500 460935.174191 5064953.780000
3826508.850500 460939.333191 5064951.547000
3826510.161500 460943.047191 5064950.228000
3826517.161500 460944.068191 5064944.882000
3826520.267500 460942.952192 5064942.651000
3826524.297500 460940.509192 5064939.846000
3826478.141510 460906.374188 5064977.577990
3826495.639500 460979.543190 5064957.829990
3826654.240510 460939.528201 5064842.397000
3826652.220510 460939.284201 5064843.935000
3826652.902510 460941.633201 5064843.211000
3826655.040510 460941.890201 5064841.583000
3826656.259510 460939.771202 5064840.859000
3826655.578510 460937.423201 5064841.583000
3826653.440510 460937.165201 5064843.211000
3826652.759510 460945.103201 5064843.004000
3826655.936510 460944.791202 5064840.648000
3826658.319510 460942.018202 5064839.110000
3826658.793510 460938.078202 5064839.110000
3826657.137510 460934.818202 5064840.648000
3826654.126510 460933.761201 5064843.004000
3826651.167510 460935.403201 5064845.076000
3826649.647510 460938.974201 5064845.895000
3826650.275510 460942.805201 5064845.077000
3826648.230510 460945.448201 5064846.373000
3826650.060510 460948.170201 5064844.753000
3826653.792510 460949.826201 5064841.802000
3826659.289510 460947.047202 5064837.928000
3826661.064510 460944.589202 5064836.817000
3826662.230510 460940.488202 5064836.312000
3826661.338510 460936.455202 5064837.347000
3826658.527510 460932.053202 5064839.855000
3826655.313510 460929.673201 5064842.482000
3826651.805510 460930.112201 5064845.075000
3826649.390510 460932.807201 5064846.645000
3826647.384510 460937.078201 5064847.764000
3826646.997510 460941.726201 5064847.635000
3826645.698510 460949.660201 5064847.893000
3826647.779510 460952.306201 5064846.092000
3826650.191510 460952.972201 5064844.221000
3826656.586510 460952.182202 5064839.492000
3826658.801510 460953.177202 5064837.740000
3826662.622510 460947.168202 5064835.415000
3826664.333510 460942.467202 5064834.555000
3826666.316510 460937.651202 5064833.502000
3826664.640510 460935.149202 5064834.986000
3826662.649510 460931.249202 5064836.833000
3826658.320510 460927.104202 5064840.458000
3826656.344510 460925.943202 5064842.045000
3826652.094510 460926.731201 5064845.164000
3826648.791510 460926.463201 5064847.668000
3826644.252510 460933.560201 5064850.433000
3826643.331510 460937.422201 5064850.775000
3826642.828510 460942.882201 5064850.660000
3826664.882510 460885.708202 5064839.274000
3826611.489510 460929.214198 5064875.419000
3826668.793500 461069.502202 5064819.725000
3826666.773500 461069.259202 5064821.263000
3826667.455500 461071.607202 5064820.540000
3826669.593500 461071.865202 5064818.911000
3826670.812500 461069.745203 5064818.188000
3826670.131500 461067.397202 5064818.911000
3826667.993500 461067.139202 5064820.539000
3826672.168500 461065.304203 5064817.572000
3826669.326500 461063.728202 5064819.847000
3826666.235500 461064.852202 5064822.066000
3826664.341500 461068.153202 5064823.189000
3826664.530500 461072.084202 5064822.692000
3826666.714500 461074.807202 5064820.806000
3826669.871500 461075.049202 5064818.415000
3826672.523500 461072.694203 5064816.637000
3826673.430500 461068.846203 5064816.304000
3826676.182500 461067.642203 5064814.347000
3826675.640500 461064.099203 5064815.074000
3826673.065500 461060.409203 5064817.341000
3826667.303500 461059.716202 5064821.728000
3826664.852500 461060.909202 5064823.460000
3826662.304500 461063.951202 5064825.098000
3826661.545500 461068.138202 5064825.289000
3826662.295500 461073.781202 5064824.216000
3826664.152500 461077.825202 5064822.456000
3826667.326500 461079.481202 5064819.925000
3826670.414500 461078.446203 5064817.700000
3826673.748500 461075.740203 5064815.443000
3826675.834500 461071.745203 5064814.237000
3826679.944500 461065.300203 5064811.735000
3826679.158500 461061.679203 5064812.652000
3826677.340500 461059.661203 5064814.199000
3826671.560500 461056.633203 5064818.812000
3826670.035500 461054.433202 5064820.155000
3826664.490500 461057.654202 5064824.026000
3826661.247500 461060.923202 5064826.165000
3826657.728500 461064.137202 5064828.516000
3826658.222500 461067.390202 5064827.851000
3826658.456500 461072.098202 5064827.250000
3826660.603500 461078.399202 5064825.068000
3826661.860500 461080.609202 5064823.926000
3826665.802500 461082.383202 5064820.807000
3826668.533500 461084.560202 5064818.560000
3826675.105500 461080.770203 5064813.969000
3826677.353500 461077.802203 5064812.550000
3826679.846500 461073.137203 5064811.100000
3826687.931510 461018.878204 5064809.936000
3826629.117500 461048.374199 5064851.417000
3826596.773490 461145.130197 5064866.950000
3826594.753490 461144.887197 5064868.488000
3826595.435490 461147.235197 5064867.764000
3826597.573490 461147.492197 5064866.136000
3826598.792490 461145.373197 5064865.412000
3826598.111490 461143.025197 5064866.136000
3826595.973490 461142.767197 5064867.764000
3826597.851490 461150.677197 5064865.640000
3826600.503490 461148.322197 5064863.862000
3826601.410490 461144.474197 5064863.529000
3826600.147490 461140.933197 5064864.796000
3826597.306490 461139.356197 5064867.072000
3826594.215490 461140.480197 5064869.291000
3826592.320490 461143.781197 5064870.414000
3826592.510490 461147.711197 5064869.917000
3826594.694490 461150.435197 5064868.031000
3826594.027490 461153.953197 5064868.214000
3826596.791490 461154.973197 5064866.047000
3826600.770490 461153.865197 5064863.161000
3826604.403490 461147.954198 5064860.968000
3826604.912490 461144.768198 5064860.874000
3826604.188490 461140.637198 5064861.791000
3826601.686490 461137.921197 5064863.914000
3826597.346490 461136.172197 5064867.330000
3826593.514490 461136.346197 5064870.190000
3826590.625490 461139.024197 5064872.117000
3826589.657490 461142.828197 5064872.500000
3826589.718490 461147.654197 5064872.017000
3826591.359490 461151.718197 5064870.418000
3826593.601490 461159.078197 5064868.070000
3826596.554490 461159.869197 5064865.783000
3826598.953490 461158.822197 5064864.076000
3826604.222490 461153.948198 5064860.561000
3826606.588490 461153.301198 5064858.844000
3826607.378490 461145.851198 5064858.925000
3826606.875490 461140.868198 5064859.753000
3826606.561490 461135.611198 5064860.464000
3826604.025490 461134.669198 5064862.452000
3826600.618490 461132.789197 5064865.180000
3826595.055490 461132.253197 5064869.404000
3826592.828490 461132.608197 5064871.043000
3826589.439490 461136.062197 5064873.275000
3826586.428490 461138.026196 5064875.358000
3826585.474490 461146.840196 5064875.277000
3826586.311490 461150.614196 5064874.307000
3826588.196490 461155.420196 5064872.458000
3826629.969490 461178.945199 5064838.976000
3826626.771500 461100.374199 5064848.479000
3826533.404490 461098.918192 5064918.692000
3826531.384490 461098.674192 5064920.230000
3826532.065490 461101.023192 5064919.506000
3826534.204490 461101.280192 5064917.878000
3826535.423490 461099.161193 5064917.154000
3826534.742490 461096.813193 5064917.878000
3826532.604490 461096.555192 5064919.506000
3826528.951490 461097.568192 5064922.156000
3826529.140490 461101.500192 5064921.659000
3826531.325490 461104.223192 5064919.773000
3826534.481490 461104.465192 5064917.382000
3826537.134490 461102.110193 5064915.604000
3826538.041490 461098.262193 5064915.271000
3826536.778490 461094.721193 5064916.538000
3826533.937490 461093.144192 5064918.814000
3826530.846490 461094.268192 5064921.032000
3826528.761490 461091.953192 5064922.807000
3826526.538490 461094.477192 5064924.247000
3826525.135490 461099.276192 5064924.866000
3826527.264490 461105.878192 5064922.671000
3826529.204490 461107.873192 5064921.035000
3826532.478490 461108.962192 5064918.479000
3826535.737490 461107.492193 5064916.165000
3826539.329490 461103.595193 5064913.822000
3826541.303490 461099.378193 5064912.721000
3826541.018490 461095.045193 5064913.326000
3826538.898490 461092.275193 5064915.168000
3826535.504490 461090.155193 5064917.908000
3826531.776490 461090.087192 5064920.712000
3826525.424490 461089.172192 5064925.563000
3826523.258490 461092.002192 5064926.932000
3826522.676490 461095.068192 5064927.092000
3826523.188490 461102.967192 5064925.994000
3826522.346490 461105.817192 5064926.369000
3826527.102490 461110.045192 5064922.416000
3826530.848490 461111.759192 5064919.450000
3826534.681490 461113.802193 5064916.388000
3826536.724490 461111.490193 5064915.064000
3826539.896490 461108.662193 5064912.938000
3826543.311490 461102.898193 5064910.896000
3826544.282490 461100.331193 5064910.399000
3826543.729490 461095.105193 5064911.286000
3826544.009490 461090.964193 5064911.451000
3826538.391490 461085.938193 5064916.121000
3826535.306490 461085.134193 5064918.510000
3826530.927490 461084.993192 5064921.810000
3826523.497490 461153.009192 5064921.239000
3826576.322490 461108.390196 5064885.621000
