3826579.492500 461005.105196 5064892.578000
3826578.065500 461002.706196 5064893.866000
3826566.278500 461008.429195 5064902.196000
3826561.238500 461023.545195 5064904.613000
3826561.048500 461028.462194 5064904.311000
3826567.371500 461037.218195 5064898.774000
3826577.471500 461040.701196 5064890.878000
3826583.820500 461041.021196 5064886.083000
3826590.492500 461028.842197 5064882.175000
3826593.010500 461021.160197 5064880.980000
3826589.881500 461012.254197 5064884.134000
3826590.888500 461004.124197 5064884.112000
3826581.799500 460998.392196 5064891.453000
3826571.486500 460998.986195 5064899.140000
3826566.799500 461001.550195 5064902.426000
3826561.056500 461006.369194 5064906.301000
3826557.923500 461023.707194 5064907.087000
3826558.452500 461031.588194 5064905.977000
3826563.447500 461043.574195 5064901.145000
3826574.094500 461047.864195 5064892.765000
3826581.534500 461047.956196 5064887.172000
3826589.542500 461041.302197 5064881.763000
3826597.988500 461028.593197 5064876.571000
3826597.031500 461011.026197 5064878.878000
3826596.814500 460997.283197 5064880.282000
3826585.611500 460992.916196 5064889.087000
3826573.967500 460992.191195 5064897.892000
3826567.574500 460993.250195 5064902.595000
3826556.250500 461006.503194 5064909.897000
3826549.777500 461023.012194 5064913.263000
3826551.123500 461035.050194 5064911.165000
3826556.956500 461040.527194 5064906.292000
3826562.717500 461052.851195 5064900.854000
3826577.449500 461056.665196 5064889.451000
3826584.539500 461054.769196 5064884.300000
3826595.997500 461046.957197 5064876.406000
3826598.671500 461039.287197 5064875.092000
3826603.738500 461019.411198 5064873.085000
3826600.940500 461013.887197 5064875.685000
3826605.295500 461010.467198 5064872.725000
3826585.073500 460981.955196 5064890.481000
3826564.739500 460986.971195 5064905.291000
3826551.009500 460998.299194 5064914.572000
3826546.172500 461013.473193 5064916.832000
3826556.131500 461055.945194 5064905.517000
3826573.680500 461059.292195 5064892.043000
3826586.498500 461061.863196 5064882.189000
3826607.822500 461026.590198 5064869.371000
3826527.881500 460940.655192 5064937.143000
3826530.332500 460940.201192 5064935.344000
3826532.793510 460924.878192 5064934.882000
3826525.021510 460912.584192 5064941.827000
3826521.701510 460910.152192 5064944.539000
3826512.144510 460913.012191 5064951.454000
3826504.196510 460922.342190 5064956.577000
3826500.500500 460929.054190 5064958.744000
3826505.334500 460941.780190 5064953.966000
3826509.307500 460947.981191 5064950.423000
3826517.220500 460948.636191 5064944.424000
3826522.331500 460953.408192 5064940.156000
3826531.295500 460946.188192 5064934.080000
3826536.521510 460934.781193 5064931.189000
3826537.298510 460928.557193 5064931.168000
3826537.082510 460920.171193 5064932.088000
3826526.721510 460908.930192 5064940.881000
3826520.943510 460905.931192 5064945.489000
3826509.863510 460905.894191 5064953.809000
3826501.054510 460915.450190 5064959.558000
3826496.920500 460923.443190 5064961.938000
3826497.175500 460935.107190 5064960.693000
3826501.408500 460949.988190 5064956.171000
3826514.166500 460956.915191 5064945.968000
3826523.855500 460962.908192 5064938.154000
3826533.025500 460952.786192 5064932.186000
3826539.897510 460940.539193 5064928.134000
3826542.655510 460933.155193 5064926.731000
3826539.617510 460914.920193 5064930.660000
3826531.660510 460900.448192 5064937.941000
3826522.539510 460896.447192 5064945.148000
3826515.535510 460900.265191 5064950.061000
3826503.801510 460900.903190 5064958.811000
3826493.089510 460915.084190 5064965.570000
3826490.532500 460923.602189 5064966.718990
3826489.706500 460939.517189 5064965.900990
3826493.586500 460945.880190 5064962.412990
3826504.658500 460960.358190 5064952.794000
3826510.036500 460959.840191 5064948.804000
3826510.036500 460966.093191 5064948.239000
3826540.952500 460957.174193 5064925.839000
3826548.578510 460932.938194 5064922.305000
3826548.197510 460912.976194 5064924.395000
3826540.275510 460900.877193 5064931.436000
3826505.248510 460892.388190 5064958.494000
3826493.321510 460909.823190 5064965.871000
3826484.521500 460922.503189 5064971.330990
3826497.425500 460961.517190 5064958.119000
3826640.767510 460946.686200 5064851.863000
3826639.743510 460949.538200 5064852.374000
3826649.069510 460959.139201 5064844.506000
3826661.881510 460956.316202 5064835.144000
3826665.390510 460953.832202 5064832.734000
3826668.624510 460942.216202 5064831.357000
3826666.474510 460929.403202 5064834.129000
3826663.820510 460922.371202 5064836.757000
3826652.313510 460921.824201 5064845.443000
3826645.822510 460923.306201 5064850.182000
3826641.039510 460931.555200 5064853.027000
3826634.920510 460934.914200 5064857.316000
3826635.046510 460947.866200 5064856.050000
3826640.133510 460958.679200 5064851.255000
3826644.043510 460962.338201 5064847.989000
3826650.001510 460965.905201 5064843.194000
3826663.496510 460959.809202 5064833.616000
3826668.745510 460954.927202 5064830.117000
3826674.830510 460942.977203 5064826.630000
3826672.992510 460929.132203 5064829.261000
3826669.685510 460921.047203 5064832.474000
3826661.423510 460916.036202 5064839.129000
3826648.744510 460913.865201 5064848.842000
3826636.943510 460924.505200 5064856.738000
3826627.470510 460932.254199 5064863.148000
3826629.505510 460946.744200 5064860.311000
3826634.276510 460959.716200 5064855.557000
3826637.911510 460966.041200 5064852.258000
3826652.272510 460971.023201 5064841.027000
3826666.703510 460968.985202 5064830.380000
3826674.477510 460960.948203 5064825.271000
3826675.648510 460951.654203 5064825.232000
3826681.621510 460938.692203 5064821.920000
3826677.602510 460920.696203 5064826.563000
3826673.068510 460914.075203 5064830.565000
3826662.436510 460905.971202 5064839.278000
3826655.882510 460907.279202 5064844.079000
3826639.744510 460912.676200 5064855.705000
3826637.164510 460918.719200 5064857.095000
3826632.809510 460915.885200 5064860.620000
3826622.115510 460953.317199 5064865.264000
3826634.822510 460972.536200 5064853.989000
3826648.933510 460981.170201 5064842.617000
3826661.693510 460978.096202 5064833.316000
3826686.760510 460944.113204 5064817.572000
3826681.140510 460923.330203 5064823.669000
3826677.121510 460908.080203 5064828.064000
3826642.893510 460904.339201 5064854.095000
3826683.049500 461070.888203 5064808.900000
3826685.005500 461068.896204 5064807.611000
3826680.632500 461054.715203 5064812.176000
3826668.579500 461049.779202 5064821.668000
3826664.631500 461049.979202 5064824.614000
3826657.472500 461058.639202 5064829.205000
3826654.480500 461071.536201 5064830.285000
3826654.101500 461079.478201 5064829.852000
3826663.761500 461086.710202 5064821.947000
3826669.887500 461089.165202 5064817.127000
3826677.104500 461084.473203 5064812.134000
3826683.619500 461085.005203 5064807.196000
3826688.400500 461073.167204 5064804.677000
3826688.121500 461060.365204 5064806.043000
3826686.149500 461054.752204 5064808.031000
3826682.387500 461048.024203 5064811.463000
3826668.512500 461045.661202 5064822.091000
3826662.169500 461047.021202 5064826.729000
3826652.439500 461054.314201 5064833.374000
3826648.787500 461067.965201 5064834.881000
3826648.570500 461077.246201 5064834.205000
3826653.765500 461086.635201 5064829.457000
3826663.817500 461096.031202 5064821.063000
3826677.955500 461093.274203 5064810.700000
3826689.003500 461091.782204 5064802.541000
3826692.729500 461077.430204 5064801.042000
3826693.534500 461062.853204 5064801.755000
3826692.806500 461054.979204 5064803.014000
3826682.372500 461042.045203 5064812.015000
3826669.227500 461035.447202 5064822.477000
3826659.527500 461038.196202 5064829.511000
3826655.013500 461045.953201 5064832.198000
3826644.998500 461054.230201 5064838.967000
3826641.649500 461072.931200 5064839.790000
3826643.037500 461081.599200 5064837.965000
3826649.096500 461095.184201 5064832.189000
3826655.209500 461097.834201 5064827.361000
3826671.086500 461102.380203 5064815.033000
3826675.580500 461098.401203 5064812.019000
3826678.245500 461103.525203 5064809.556000
3826701.548500 461075.785205 5064794.571000
3826697.907500 461050.887205 5064799.555000
3826689.066500 461034.784204 5064807.646000
3826676.963500 461030.104203 5064817.154000
3826642.637500 461046.296200 5064841.456000
3826639.610500 461068.466200 5064841.724000
3826637.298500 461084.670200 5064841.995000
3826665.238500 461108.110202 5064818.904000
3826588.011490 461159.899196 5064872.192000
3826588.329490 461162.913196 5064871.681000
3826600.597490 461164.616197 5064862.319000
3826610.626490 461153.837198 5064855.765000
3826612.645490 461149.482198 5064854.643000
3826610.530490 461137.826198 5064857.284000
3826603.184490 461128.748198 5064863.619000
3826597.860490 461124.740197 5064867.977000
3826587.540490 461131.897196 5064875.077000
3826582.480490 461137.401196 5064878.377000
3826581.802490 461147.323196 5064877.990000
3826577.868490 461154.117196 5064880.328000
3826583.498490 461164.646196 5064875.150000
3826592.566490 461170.144197 5064867.847000
3826597.553490 461170.559197 5064864.066000
3826604.298490 461169.544198 5064859.095000
3826613.531490 461155.630198 5064853.422000
3826616.052490 461148.162198 5064852.205000
3826616.294490 461134.350198 5064853.271000
3826608.784490 461124.219198 5064859.825000
3826602.439490 461119.780197 5064864.989000
3826593.059490 461121.135197 5064871.907000
3826581.018490 461127.734196 5064880.348000
3826575.206490 461144.252195 5064883.218000
3826570.204490 461156.862195 5064885.833000
3826578.162490 461167.388196 5064878.908000
3826587.873490 461174.865196 5064870.943000
3826593.755490 461177.645197 5064866.276000
3826608.469490 461172.237198 5064855.721000
3826620.253490 461161.031199 5064847.889000
3826623.644490 461149.308199 5064846.403000
3826620.710490 461140.918199 5064849.364000
3826620.422490 461126.350199 5064850.896000
3826609.230500 461114.260198 5064860.390000
3826602.433500 461111.832197 5064865.712000
3826589.658490 461112.218197 5064875.266000
3826584.469490 461117.621196 5064878.672000
3826572.621490 461132.708195 5064886.202000
3826572.934490 461139.365195 5064885.365000
3826567.908490 461139.921195 5064889.087000
3826574.484490 461177.659195 5064880.740000
3826593.816490 461185.008197 5064865.565000
3826609.866490 461182.757198 5064853.721000
3826619.744490 461171.806199 5064847.297000
3826627.238500 461127.396199 5064845.686000
3826613.453500 461114.081198 5064857.236000
3826603.432500 461104.241198 5064865.647000
3826571.828490 461123.796195 5064887.603000
3826527.909490 461082.763192 5064924.277000
3826525.636490 461081.740192 5064926.075000
3826517.741490 461094.218191 5064930.874000
3826519.764490 461109.935191 5064927.935000
3826521.693490 461114.089192 5064926.111000
3826530.968490 461117.085192 5064918.878000
3826541.306490 461113.264193 5064911.463000
3826547.009490 461109.331193 5064907.538000
3826547.669490 461094.942193 5064908.344000
3826546.603490 461086.983193 5064909.863000
3826540.064500 461081.754193 5064915.244000
3826537.483500 461074.428193 5064917.844000
3826527.071490 461075.738192 5064925.540000
3826518.282490 461083.039191 5064931.477000
3826515.266490 461088.238191 5064933.272000
3826512.285490 461095.982191 5064934.809000
3826516.926490 461112.259191 5064929.854000
3826520.749490 461118.367191 5064926.433000
3826530.236490 461124.886192 5064918.722000
3826541.398490 461121.365193 5064910.662000
3826547.961490 461116.524193 5064906.174000
3826552.146490 461105.780194 5064904.004000
3826554.135490 461089.784194 5064903.957000
3826545.809500 461076.022193 5064911.449000
3826539.762500 461064.905193 5064916.993000
3826528.079500 461068.731192 5064925.417000
3826517.561490 461075.832191 5064932.670000
3826512.409490 461080.924191 5064936.078000
3826508.128490 461099.268191 5064937.631990
3826509.489490 461117.072191 5064935.001990
3826515.799490 461126.046191 5064929.454000
3826523.247490 461126.679192 5064923.806000
3826533.550490 461132.970192 5064915.505000
3826548.091490 461126.360193 5064905.187000
3826553.499490 461120.120194 5064901.692000
3826560.216490 461106.147194 5064897.913000
3826559.291490 461098.095194 5064899.335000
3826555.263500 461078.462194 5064904.133000
3826550.456500 461075.783194 5064907.984000
3826552.817500 461070.104194 5064906.725000
3826522.937500 461060.105192 5064930.056000
3826507.247490 461077.654191 5064940.246990
3826500.037490 461096.010190 5064943.999990
3826502.263490 461111.639190 5064940.916990
3826529.095490 461139.857192 5064918.226000
3826545.906490 461131.003193 5064906.408000
3826558.240490 461124.638194 5064897.725000
3826561.903500 461081.644195 5064898.861000
